msg.pe00000000:MMMAX rhogvy:, 1, 11, 11, 0, 22.12183912123179
msg.pe00000001:MMMAX rhog:, 2, 17, 1, 1, 1.548034279348236
msg.pe00000001:MMMAX rhoge:, 2, 17, 1, 1, 251305.71593485
msg.pe00000002:MMMAX rhog:, 0, 16, 1, 4, 1.548034279348236
msg.pe00000002:MMMAX rhog:, 1, 16, 1, 0, 1.548034279348236
msg.pe00000002:MMMAX rhoge:, 0, 16, 1, 4, 251305.71593485
msg.pe00000002:MMMAX rhoge:, 1, 16, 1, 0, 251305.71593485
msg.pe00000003:MMMAX rhogvx:, 3, 11, 11, 0, 22.121527299236963
msg.pe00000003:MMMAX rhogvy:, 7, 17, 11, 4, 22.12183912123179
msg.pe00000004:MMMAX rhog:, 16, 0, 1, 1, 1.548034279348236
msg.pe00000004:MMMAX rhoge:, 16, 0, 1, 1, 251305.71593485
msg.pe00000005:MMMAX rhog:, 16, 1, 1, 0, 1.548034279348236
msg.pe00000005:MMMAX rhog:, 17, 2, 1, 4, 1.548034279348236
msg.pe00000005:MMMAX rhoge:, 16, 1, 1, 0, 251305.71593485
msg.pe00000005:MMMAX rhoge:, 17, 2, 1, 4, 251305.71593485
