msg.pe00000000:MMMIN rhog:, 0, 17, 40, 2, 0.0025550994500626164
msg.pe00000000:MMMIN rhog:, 1, 17, 40, 2, 0.0025550994500626164
msg.pe00000000:MMMIN rhoge:, 0, 17, 40, 2, 480.2764653020144
msg.pe00000000:MMMIN rhoge:, 1, 17, 40, 2, 480.2764653020144
msg.pe00000001:MMMIN rhog:, 0, 17, 40, 1, 0.0025550994500626164
msg.pe00000001:MMMIN rhog:, 1, 17, 40, 1, 0.0025550994500626164
msg.pe00000001:MMMIN rhoge:, 0, 17, 40, 1, 480.2764653020144
msg.pe00000001:MMMIN rhoge:, 1, 17, 40, 1, 480.2764653020144
msg.pe00000002:MMMIN rhog:, 0, 17, 40, 0, 0.0025550994500626164
msg.pe00000002:MMMIN rhog:, 0, 17, 40, 4, 0.0025550994500626164
msg.pe00000002:MMMIN rhog:, 1, 17, 40, 0, 0.0025550994500626164
msg.pe00000002:MMMIN rhog:, 1, 17, 40, 4, 0.0025550994500626164
msg.pe00000002:MMMIN rhogvy:, 13, 5, 11, 0, -22.106799254438087
msg.pe00000002:MMMIN rhoge:, 0, 17, 40, 0, 480.2764653020144
msg.pe00000002:MMMIN rhoge:, 0, 17, 40, 4, 480.2764653020144
msg.pe00000002:MMMIN rhoge:, 1, 17, 40, 0, 480.2764653020144
msg.pe00000002:MMMIN rhoge:, 1, 17, 40, 4, 480.2764653020144
msg.pe00000003:MMMIN rhog:, 0, 17, 40, 3, 0.0025550994500626164
msg.pe00000003:MMMIN rhog:, 1, 17, 40, 3, 0.0025550994500626164
msg.pe00000003:MMMIN rhoge:, 0, 17, 40, 3, 480.2764653020144
msg.pe00000003:MMMIN rhoge:, 1, 17, 40, 3, 480.2764653020144
msg.pe00000004:MMMIN rhog:, 17, 0, 40, 1, 0.0025550994500626164
msg.pe00000004:MMMIN rhog:, 17, 1, 40, 1, 0.0025550994500626164
msg.pe00000004:MMMIN rhoge:, 17, 0, 40, 1, 480.2764653020144
msg.pe00000004:MMMIN rhoge:, 17, 1, 40, 1, 480.2764653020144
msg.pe00000005:MMMIN rhog:, 17, 0, 40, 0, 0.0025550994500626164
msg.pe00000005:MMMIN rhog:, 17, 0, 40, 4, 0.0025550994500626164
msg.pe00000005:MMMIN rhog:, 17, 1, 40, 0, 0.0025550994500626164
msg.pe00000005:MMMIN rhog:, 17, 1, 40, 4, 0.0025550994500626164
msg.pe00000005:MMMIN rhoge:, 17, 0, 40, 0, 480.2764653020144
msg.pe00000005:MMMIN rhoge:, 17, 0, 40, 4, 480.2764653020144
msg.pe00000005:MMMIN rhoge:, 17, 1, 40, 0, 480.2764653020144
msg.pe00000005:MMMIN rhoge:, 17, 1, 40, 4, 480.2764653020144
msg.pe00000006:MMMIN rhog:, 17, 0, 40, 3, 0.0025550994500626164
msg.pe00000006:MMMIN rhog:, 17, 1, 40, 3, 0.0025550994500626164
msg.pe00000006:MMMIN rhoge:, 17, 0, 40, 3, 480.2764653020144
msg.pe00000006:MMMIN rhoge:, 17, 1, 40, 3, 480.2764653020144
msg.pe00000007:MMMIN rhog:, 17, 0, 40, 2, 0.0025550994500626164
msg.pe00000007:MMMIN rhog:, 17, 1, 40, 2, 0.0025550994500626164
msg.pe00000007:MMMIN rhogvx:, 11, 3, 11, 4, -22.01127732040165
msg.pe00000007:MMMIN rhoge:, 17, 0, 40, 2, 480.2764653020144
msg.pe00000007:MMMIN rhoge:, 17, 1, 40, 2, 480.2764653020144
